2.00 3.00 4.00 5.00 6.00 7.00 8.00 9.00 10.00 11.00
0.50 1.00 1.62 2.25 2.94 3.62 4.35 5.08 5.83 6.59
0.00 0.25 0.50 0.88 1.25 1.70 2.16 2.66 3.17 3.72
0.00 0.00 0.12 0.25 0.47 0.69 0.98 1.27 1.61 1.95
0.00 0.00 0.00 0.06 0.12 0.25 0.38 0.55 0.73 0.96
0.00 0.00 0.00 0.00 0.03 0.06 0.13 0.20 0.31 0.42
0.00 0.00 0.00 0.00 0.00 0.02 0.03 0.07 0.11 0.17
0.00 0.00 0.00 0.00 0.00 0.00 0.01 0.02 0.04 0.06
0.00 0.00 0.00 0.00 0.00 0.00 0.00 0.00 0.01 0.02
0.00 0.00 0.00 0.00 0.00 0.00 0.00 0.00 0.00 0.00
0.00 0.00 0.00 0.00 0.00 0.00 0.00 0.00 0.00 0.00
0.00 0.00 0.00 0.00 0.00 0.00 0.00 0.00 0.00 0.00
0.00 0.00 0.00 0.00 0.00 0.00 0.00 0.00 0.01 0.02
0.00 0.00 0.00 0.00 0.00 0.00 0.01 0.02 0.04 0.06
0.00 0.00 0.00 0.00 0.00 0.02 0.03 0.07 0.11 0.17
0.00 0.00 0.00 0.00 0.03 0.06 0.13 0.20 0.31 0.42
0.00 0.00 0.00 0.06 0.12 0.25 0.38 0.55 0.73 0.96
0.00 0.00 0.12 0.25 0.47 0.69 0.98 1.27 1.61 1.95
0.00 0.25 0.50 0.88 1.25 1.70 2.16 2.66 3.17 3.72
0.50 1.00 1.62 2.25 2.94 3.62 4.35 5.08 5.83 6.59
