0.06 1.00 1.06 2.00 2.06 3.00 3.06 4.00 4.06 5.00
0.00 0.99 0.99 1.99 2.00 2.99 3.00 3.99 4.00 4.99
1.25 1.60 2.30 2.62 3.31 3.62 4.31 4.62 5.31 5.62
0.00 0.07 0.99 1.04 1.99 2.04 2.99 3.04 3.99 4.04
0.57 1.00 1.57 2.00 2.57 3.00 3.57 4.00 4.57 5.00
1.00 1.00 2.00 2.00 3.00 3.00 4.00 4.00 5.00 5.00
1.00 2.00 2.00 3.00 3.00 4.00 4.00 5.00 5.00 6.00
0.08 0.08 0.97 1.08 1.96 2.08 2.96 3.08 3.96 4.08
0.01 0.57 1.00 1.57 2.00 2.57 3.00 3.57 4.00 4.57
1.00 1.00 2.00 2.00 3.00 3.00 4.00 4.00 5.00 5.00
