1.00 1.00 1.03 2.00 2.00 2.03 3.00 3.00 3.03 4.00
0.00 0.89 1.00 1.02 1.89 2.00 2.02 2.89 3.00 3.02
0.01 0.80 0.90 1.01 1.80 1.90 2.01 2.80 2.90 3.01
0.00 0.89 0.90 1.02 1.89 1.90 2.02 2.89 2.90 3.02
1.00 1.03 2.00 2.00 2.03 3.00 3.00 3.03 4.00 4.00
0.00 0.66 0.89 1.00 1.65 1.89 2.00 2.65 2.89 3.00
0.66 0.88 0.98 1.65 1.88 1.98 2.65 2.88 2.98 3.65
0.00 0.85 0.90 1.01 1.85 1.90 2.01 2.85 2.90 3.01
0.03 1.00 1.00 1.03 2.00 2.00 2.03 3.00 3.00 3.03
0.89 0.90 1.02 1.89 1.90 2.02 2.89 2.90 3.02 3.89
